100016013945035
100077015109212
100041672193815
100063854486717
100028549517592
100016937292379
100025100653919
100048882083532
100017587481384
100079660282246
100050428719488
100034705833287
100005077514083
100052756727466
100054387128573
100023395568336
100039286962218
100009343932964
100027772521480
100009333392075
100024562396210
100002938482196
100012197448669
100054925800369
100022801066358
100034273988087
100093656384125
100076782114621
100062750605055
100025092648462
100028898897828
100026979812217
100033893769594
100015402668848
100004223281030
100014969651184
100083310533260
100016931371818
100093254971419
100027925459664
100010468440625
100093620203821
100017311009322
100014073849564
100014395777966
100054406046701
100053501418857
100042507814215
100014397600486
100012552093026
100022131308870
100009499095061
100060695553608
100009065207352
100022587871819
100046552460436
100086760079382
100034918782733
100010350252927
100063708615311
100008601587938
1831072060","us
100057181760119
100035137954045
100011894146623
100040743720393
100009578083380
100000497788836
100046145175964
100040042901472
100012301156428
100034420339781
100081913465591
100009333048496
100003640784362
100060390661739
100084576398638
100032406430020
100013363393091
100024604172210
100036003792031
100034891242293
100078275010796
100046432209633
100018484273152
100012771811070
100043762590637
100009392948669
100013958502056
100045835491821
100004068877957
100010576781082
100012257983559
100034330920205
100012582311932
100043954180094
100063196684044
100010866668689
100065350751708
100044587073593


100009052846601